%YAML:1.0
---
height: 800
width: 848
distortion_model: "equidistant"
D: [-0.009882360696792603, 0.045240309089422226, -0.04238760098814964, 0.007771627977490425]
K: [286.5091857910156, 0.0, 420.4667053222656, 0.0, 286.452392578125, 393.03729248046875, 0.0, 0.0, 1.0]
R: [1.0, 0.0, 0.0, 0.0, 1.0, 0.0, 0.0, 0.0, 1.0]
P: [286.5091857910156, 0.0, 420.4667053222656, 0.0, 0.0, 286.452392578125, 393.03729248046875, 0.0, 0.0, 0.0, 1.0, 0.0]

