%YAML:1.0
---
height: 800
width: 848
distortion_model: "equidistant"
D: [-0.009074484929442406, 0.04601037874817848, -0.04410487040877342, 0.008533998392522335]
K: [287.3534851074219, 0.0, 423.8106994628906, 0.0, 287.1733093261719, 392.2627868652344, 0.0, 0.0, 1.0]
R: [1.0, 0.0, 0.0, 0.0, 1.0, 0.0, 0.0, 0.0, 1.0]
P: [287.3534851074219, 0.0, 423.8106994628906, -18.489627838134766, 0.0, 287.1733093261719, 392.2627868652344, -0.028497332707047462, 0.0, 0.0, 1.0, 0.0]