# UAV DYNAMIC MODEL PARAMETERS:
Dynamic_model:
  HVT coefficient: -0.026723768303
  k_f: 1.39975492985e-06
  k_m: 0.00160892644278
  I_b: (0.00249760908676, 0.00210179409661, 0.00429852057005)
  D: (-0.335660561845, -0.310202618056, -0.661838350543)
  B: (0.0682409574362, 0.102991003084, -0.000800464590179)