**VICON and Pixhawk**

R_BtoI:
0.998555296856  0.0325003023308 -0.0427907638309
-0.033447114493   0.999207060333 -0.0215995627765
0.0420548410164  0.0229995853973   0.998850544085

p_BinI:
-0.0147499837733
0.00272349349494
-0.0106913068398

**XSENS IMU and VICON**

R_BtoI:
0.998799179445  -0.008533665791 -0.0482428822586
0.00731320156627   0.999650147881 -0.0254184760327
0.0484429171634  0.0250351430821   0.998512155854

p_BinI:
-0.0982111576111
-0.00325625180415
-0.0170511505316

**T265 ODOM and Pixhawk**

R_BtoI:
0.998154 -0.00858305   0.0601192
0.00897903     0.99994 -0.00631956
-0.0600613  0.00684771    0.998171

p_BinI:
0.0465356
0.0136415
0.0637745

**VICON and T265 IMU**

R_BtoI:
-0.0423148345866   0.998983282889 -0.0155516970598
0.101823001502  0.0197965549559   0.994605536269
0.993902173827  0.0405030482731  -0.102557164263

p_BinI:
-0.0251346351805
-0.0615170301874
-0.0466780599635