# body_P_vicon
body_P_vicon:
  qw:  0.9996543
  qx: -0.0181374
  qy: -0.0162528
  qz: -0.0099033
  x:  -0.0163310943692
  y:  -0.0111421309611
  z:   0.00947692707964

# t265imu_P_vicon
t265_P_vicon:
  qw: -0.458747
  qx:  0.5350453
  qy:  0.5072651
  qz:  0.4959434
  x:  -0.0368618439024
  y:  -0.0264514870365
  z:  -0.0355107895534

# t265imu_P_t265vio
t265imu_P_t265vio:
  qw:  0.50070652
  qx:  0.49925421
  qy:  0.49962136
  qz: -0.50041654
  x:  -0.0355309819492
  y:   0.00538997334541
  z:   0.0275848322234